w 0 0.0 -0.0;
e 0 0.3 -0.0;
e 0 0.6 -0.0;
z 0 0.9 -0.0;
e 0 1.2 -0.0;
r 0 1.5 -0.0;
i 0 1.5 -0.3;
c 0 1.5 -0.6;
k 0 1.5 -0.9;
r 0 1.5 -1.2;
u 0 1.5 -1.5;
b 0 1.5 -1.8;
i 0 1.5 -2.1;
n 0 1.5 -2.4;
a 0 1.8 -0.3;
n 0 2.1 -0.3;
m 0 2.4 -0.3;
i 0 2.4 -0.6;
n 0 2.4 -0.9;
o 0 2.4 -1.2;
r 0 2.4 -1.5;
t 0 2.4 -1.8;
h 0 2.4 -2.1;
r 0 2.4 -2.4;
e 0 2.4 -2.7;
a 0 2.4 -3.0;
t 0 2.4 -3.3;
a 0 2.7 -0.3;
a 0 2.7 -2.1;
c 0 3.0 -0.3;
r 0 3.0 -2.1;
k 0 3.3 -0.3;
d 0 3.3 -2.1;
a 0 3.6 -0.3;
c 0 3.6 -2.1;
y 0 3.9 -0.3;
o 0 3.9 -2.1;
e 0 4.2 -0.3;
r 0 4.2 -2.1;
e 0 4.5 -2.1;
_ 0 4.8 -2.1;
p 0 5.1 -2.1;
o 0 5.4 -2.1;
r 0 5.7 -2.1;
n 0 6.0 -2.1;
o 0 6.3 -2.1;
g 0 6.6 -2.1;
r 0 6.9 -2.1;
p 0 7.2 -2.1;
o 0 7.2 -2.4;
r 0 7.2 -2.7;
n 0 7.2 -3.0;
o 0 7.2 -3.3;
t 0 7.2 -3.6;
o 0 7.2 -3.9;
p 0 7.2 -4.2;
i 0 7.2 -4.5;
a 0 7.2 -4.8;
p 0 7.5 -2.1;
m 0 7.5 -3.3;
h 0 7.8 -2.1;
n 0 7.8 -3.3;
a 0 7.8 -3.6;
r 0 7.8 -3.9;
c 0 7.8 -4.2;
i 0 7.8 -4.5;
s 0 7.8 -4.8;
s 0 7.8 -5.1;
i 0 7.8 -5.4;
s 0 7.8 -5.7;
t 0 7.8 -6.0;
s 0 7.8 -6.3;
y 0 8.1 -2.1;
i 0 8.1 -3.3;
n 0 8.1 -4.5;
p 0 8.4 -3.3;
g 0 8.4 -4.5;
o 0 8.7 -3.3;
r 0 8.7 -4.5;
t 0 9.0 -3.3;
o 0 9.0 -4.5;
e 0 9.3 -3.3;
u 0 9.3 -4.5;
n 0 9.6 -3.3;
p 0 9.6 -4.5;
t 0 9.9 -3.3;
